  1    76
  2    31
  3    52
  4    98
  5    15
  6    97
  7    58
  8    34
  9    88
 10    44
 11    35
 12    95
 13    55
 14    61
 15    72
 16    56
 17    79
 18    33
 19    11
 20    83
 21    84
 22    53
 23    66
 24    22
 25    25
 26    92
 27    67
 28    81
 29    14
 30    40
 31     4
 32    42
 33    74
 34    36
 35   100
 36    54
 37    89
 38    82
 39    80
 40    13
 41    46
 42    85
 43    17
 44    63
 45    23
 46     5
 47    75
 48    27
 49    71
 50    19
 51    90
 52    20
 53    43
 54    16
 55    37
 56    87
 57     2
 58    32
 59     1
 60    21
 61    29
 62    78
 63    64
 64    69
 65    65
 66     3
 67    24
 68    41
 69    96
 70    86
 71    50
 72    49
 73    62
 74     9
 75    10
 76    99
 77    73
 78    93
 79     6
 80    30
 81    28
 82    59
 83    26
 84    57
 85    60
 86    18
 87    38
 88    51
 89    39
 90    47
 91     8
 92    45
 93    70
 94    94
 95    77
 96    68
 97    12
 98    91
 99     7
100    48
