  1882     -0.19
  1883     -0.21
  1884     -0.25
  1885     -0.29
  1886     -0.29
  1887     -0.26
  1888     -0.27
  1889     -0.26
  1890     -0.25
  1891     -0.27
  1892     -0.31
  1893     -0.28
  1894     -0.26
  1895     -0.23
  1896     -0.22
  1897     -0.19
  1898     -0.17
  1899     -0.17
  1900     -0.20
  1901     -0.21
  1902     -0.27
  1903     -0.31
  1904     -0.32
  1905     -0.35
  1906     -0.36
  1907     -0.37
  1908     -0.40
  1909     -0.44
  1910     -0.43
  1911     -0.41
  1912     -0.35
  1913     -0.29
  1914     -0.26
  1915     -0.27
  1916     -0.26
  1917     -0.27
  1918     -0.30
  1919     -0.27
  1920     -0.25
  1921     -0.25
  1922     -0.26
  1923     -0.24
  1924     -0.22
  1925     -0.21
  1926     -0.20
  1927     -0.22
  1928     -0.20
  1929     -0.20
  1930     -0.20
  1931     -0.21
  1932     -0.17
  1933     -0.18
  1934     -0.19
  1935     -0.16
  1936     -0.11
  1937     -0.09
  1938     -0.03
  1939      0.02
  1940      0.04
  1941      0.08
  1942      0.13
  1943      0.14
  1944      0.11
  1945      0.08
  1946      0.04
  1947     -0.03
  1948     -0.09
  1949     -0.10
  1950     -0.08
  1951     -0.05
  1952     -0.06
  1953     -0.05
  1954     -0.08
  1955     -0.07
  1956     -0.07
  1957     -0.04
  1958     -0.02
  1959      0.03
  1960      0.03
  1961      0.03
  1962     -0.02
  1963     -0.03
  1964     -0.05
  1965     -0.06
  1966     -0.09
  1967     -0.03
  1968     -0.01
  1969     -0.02
  1970     -0.01
  1971      0.03
  1972      0.00
  1973     -0.01
  1974     -0.01
  1975      0.02
  1976      0.01
  1977      0.06
  1978      0.11
  1979      0.20
  1980      0.19
  1981      0.24
  1982      0.24
  1983      0.20
  1984      0.18
  1985      0.22
  1986      0.24
  1987      0.26
  1988      0.33
  1989      0.38
  1990      0.36
  1991      0.32
  1992      0.33
  1993      0.33
  1994      0.31
  1995      0.36
  1996      0.44
  1997      0.46
  1998      0.45
  1999      0.49
  2000      0.53
  2001      0.52
  2002      0.55
  2003      0.60
  2004      0.62
  2005      0.63
  2006      0.61
  2007      0.63
  2008      0.63
  2009      0.63
  2010      0.62
  2011      0.65
  2012      0.67
  2013      0.70
  2014      0.78
  2015      0.83
